xof 0303txt 0032

template XSkinMeshHeader {
  <3cf169ce-ff7c-44ab-93c0-f78f62d172e2>
  WORD nMaxSkinWeightsPerVertex;
  WORD nMaxSkinWeightsPerFace;
  WORD nBones;
}

template SkinWeights {
  <6f0d123b-bad2-4167-a0d0-80224f25fabb>
  STRING transformNodeName;
  DWORD nWeights;
  array DWORD vertexIndices[nWeights];
  array float weights[nWeights];
  Matrix4x4 matrixOffset;
}

Frame Root {
  FrameTransformMatrix {
     1.000000, 0.000000, 0.000000, 0.000000,
     0.000000,-0.000000, 1.000000, 0.000000,
     0.000000, 1.000000, 0.000000, 0.000000,
     0.000000, 0.000000, 0.000000, 1.000000;;
  }
  Frame Merchant {
    FrameTransformMatrix {
       0.665985, 0.000000, 0.000000, 0.000000,
       0.000000, 0.665985, 0.000000, 0.000000,
       0.000000, 0.000000, 0.665985, 0.000000,
       2.883984,-2.211801, 0.000000, 1.000000;;
    }
    Frame Reference {
      FrameTransformMatrix {
         0.005132,-0.015670, 0.000000, 0.000000,
        -0.000000,-0.000000, 0.016489, 0.000000,
        -0.015670,-0.005132,-0.000000, 0.000000,
        -0.087815,-0.018524, 0.007340, 1.000000;;
      }
      Frame Reference_Hips {
        FrameTransformMatrix {
           1.000000, 0.000000, 0.000000, 0.000000,
           0.000000,-0.000000,-1.000000, 0.000000,
           0.000000, 1.000000,-0.000000, 0.000000,
           0.000000,100.237953,-1.461940, 1.000000;;
        }
        Frame Reference_LeftUpLeg {
          FrameTransformMatrix {
            -0.011388,-0.013953, 0.999838, 0.000000,
            -0.999935,-0.000000,-0.011389, 0.000000,
             0.000159,-0.999903,-0.013952, 0.000000,
             7.947720,-6.981019,-3.994553, 1.000000;;
          }
          Frame Reference_LeftLeg {
            FrameTransformMatrix {
               0.999513,-0.012947, 0.028393, 0.000000,
               0.012957, 0.999916,-0.000181, 0.000000,
              -0.028388, 0.000549, 0.999597, 0.000000,
              -42.471222, 0.000012, 0.000008, 1.000000;;
            }
            Frame Reference_LeftFoot {
              FrameTransformMatrix {
                 0.351142,-0.012454,-0.936240, 0.000000,
                -0.936320,-0.006986,-0.351079, 0.000000,
                -0.002169, 0.999898,-0.014114, 0.000000,
                -43.607426,-0.000020,-0.000003, 1.000000;;
              }
              Frame Reference_LeftToeBase {
                FrameTransformMatrix {
                   0.992127, 0.125238,-0.000001, 0.000000,
                  -0.125238, 0.992126, 0.000000, 0.000000,
                   0.000001, 0.000000, 1.000000, 0.000000,
                  -16.448965,-0.000009, 0.000004, 1.000000;;
                }
                Frame Reference_LeftToeEnd {
                  FrameTransformMatrix {
                     0.013659, 0.003862,-0.999899, 0.000000,
                    -0.272072, 0.962277,-0.000000, 0.000000,
                     0.962180, 0.272045, 0.014194, 0.000000,
                    -7.868490,-0.000000,-0.000001, 1.000000;;
                  }
                } // End of Reference_LeftToeEnd
              } // End of Reference_LeftToeBase
            } // End of Reference_LeftFoot
          } // End of Reference_LeftLeg
        } // End of Reference_LeftUpLeg
        Frame Reference_RightUpLeg {
          FrameTransformMatrix {
            -0.011388, 0.013953,-0.999838, 0.000000,
            -0.999935, 0.000000, 0.011389, 0.000000,
             0.000159, 0.999903, 0.013952, 0.000000,
            -7.947719,-6.981025,-3.994553, 1.000000;;
          }
          Frame Reference_RightLeg {
            FrameTransformMatrix {
               0.999513,-0.012947, 0.028393, 0.000000,
               0.012957, 0.999916,-0.000181, 0.000000,
              -0.028388, 0.000549, 0.999597, 0.000000,
              42.471127, 0.000001, 0.000000, 1.000000;;
            }
            Frame Reference_RightFoot {
              FrameTransformMatrix {
                 0.351142,-0.012454,-0.936240, 0.000000,
                -0.936320,-0.006986,-0.351079, 0.000000,
                -0.002168, 0.999898,-0.014114, 0.000000,
                43.607494, 0.000026,-0.000006, 1.000000;;
              }
              Frame Reference_RightToeBase {
                FrameTransformMatrix {
                   0.992127, 0.125238,-0.000000, 0.000000,
                  -0.125238, 0.992126,-0.000000, 0.000000,
                   0.000000, 0.000000, 1.000000, 0.000000,
                  16.448982, 0.000001,-0.000001, 1.000000;;
                }
                Frame Reference_RightToeEnd {
                  FrameTransformMatrix {
                     0.013658, 0.003862,-0.999899, 0.000000,
                    -0.272072, 0.962277,-0.000000, 0.000000,
                     0.962180, 0.272045, 0.014194, 0.000000,
                     7.868515, 0.000002,-0.000001, 1.000000;;
                  }
                } // End of Reference_RightToeEnd
              } // End of Reference_RightToeBase
            } // End of Reference_RightFoot
          } // End of Reference_RightLeg
        } // End of Reference_RightUpLeg
        Frame Reference_Spine {
          FrameTransformMatrix {
            -0.000000,-0.000000, 1.000000, 0.000000,
             1.000000,-0.000000, 0.000000, 0.000000,
             0.000000, 1.000000, 0.000000, 0.000000,
             0.000000, 0.000000, 4.539528, 1.000000;;
          }
          Frame Reference_Spine1 {
            FrameTransformMatrix {
               0.992729, 0.000000, 0.120370, 0.000000,
               0.000000, 1.000000, 0.000000, 0.000000,
              -0.120370, 0.000000, 0.992729, 0.000000,
               9.079063, 0.000000, 0.000001, 1.000000;;
            }
            Frame Reference_Spine2 {
              FrameTransformMatrix {
                 0.998663, 0.000000, 0.051698, 0.000000,
                -0.000000, 1.000000,-0.000000, 0.000000,
                -0.051698,-0.000000, 0.998663, 0.000000,
                10.725619, 0.000000, 0.000001, 1.000000;;
              }
              Frame Reference_LeftShoulder {
                FrameTransformMatrix {
                   0.128398,-0.991573,-0.017249, 0.000000,
                  -0.976776,-0.129452, 0.170735, 0.000000,
                  -0.171529,-0.005073,-0.985166, 0.000000,
                  23.214495, 3.911640,-6.864036, 1.000000;;
                }
                Frame Reference_LeftArm {
                  FrameTransformMatrix {
                     0.553648,-0.461516,-0.693165, 0.000000,
                    -0.125787, 0.776481,-0.617458, 0.000000,
                     0.823196, 0.429045, 0.371845, 0.000000,
                    -13.906029,-0.000197, 0.000004, 1.000000;;
                  }
                  Frame Reference_LeftForeArm {
                    FrameTransformMatrix {
                       0.947601, 0.317183,-0.038032, 0.000000,
                      -0.302735, 0.929629, 0.210099, 0.000000,
                       0.101996,-0.187577, 0.976940, 0.000000,
                      -26.350023,-0.000054, 0.000003, 1.000000;;
                    }
                    Frame Reference_LeftHand {
                      FrameTransformMatrix {
                         0.969957, 0.239128,-0.044740, 0.000000,
                        -0.238932, 0.970987, 0.009769, 0.000000,
                         0.045778, 0.001214, 0.998951, 0.000000,
                        -24.739098,-0.000011, 0.000133, 1.000000;;
                      }
                      Frame Reference_LeftFingerBase {
                        FrameTransformMatrix {
                           1.000000, 0.000000,-0.000000, 0.000000,
                          -0.000000, 1.000000,-0.000000, 0.000000,
                           0.000000, 0.000000, 1.000000, 0.000000,
                          -2.072910, 0.000196,-0.000010, 1.000000;;
                        }
                        Frame Reference_LeftHandIndex0 {
                          FrameTransformMatrix {
                             0.876603,-0.063850,-0.476960, 0.000000,
                             0.104899, 0.992677, 0.059906, 0.000000,
                             0.469642,-0.102546, 0.876881, 0.000000,
                            -0.722879, 0.052398, 0.393326, 1.000000;;
                          }
                          Frame Reference_LeftHandIndex1 {
                            FrameTransformMatrix {
                               0.853447,-0.081539, 0.514762, 0.000000,
                               0.102929, 0.994603,-0.013103, 0.000000,
                              -0.510915, 0.064167, 0.857233, 0.000000,
                              -6.597056, 0.000122,-0.000036, 1.000000;;
                            }
                            Frame Reference_LeftHandIndex2 {
                              FrameTransformMatrix {
                                 0.993229,-0.113672,-0.023960, 0.000000,
                                 0.113653, 0.993518,-0.002129, 0.000000,
                                 0.024047,-0.000609, 0.999711, 0.000000,
                                -4.163559,-0.000025, 0.000561, 1.000000;;
                              }
                              Frame Reference_LeftHandIndex3 {
                                FrameTransformMatrix {
                                   0.994225,-0.033890, 0.101823, 0.000000,
                                   0.032789, 0.999384, 0.012475, 0.000000,
                                  -0.102183,-0.009064, 0.994724, 0.000000,
                                  -2.425112,-0.000267, 0.000007, 1.000000;;
                                }
                                Frame Reference_LeftHandIndex4 {
                                  FrameTransformMatrix {
                                    -0.992425,-0.121583, 0.017586, 0.000000,
                                    -0.121602, 0.992579,-0.000000, 0.000000,
                                    -0.017455,-0.002139,-0.999845, 0.000000,
                                    -2.728689, 0.000185, 0.000003, 1.000000;;
                                  }
                                } // End of Reference_LeftHandIndex4
                              } // End of Reference_LeftHandIndex3
                            } // End of Reference_LeftHandIndex2
                          } // End of Reference_LeftHandIndex1
                        } // End of Reference_LeftHandIndex0
                        Frame Reference_LeftHandMiddle1 {
                          FrameTransformMatrix {
                             0.939763,-0.334683, 0.069517, 0.000000,
                             0.334899, 0.942212, 0.008866, 0.000000,
                            -0.068467, 0.014949, 0.997542, 0.000000,
                            -6.327051,-0.116996, 1.201419, 1.000000;;
                          }
                          Frame Reference_LeftHandMiddle2 {
                            FrameTransformMatrix {
                               0.997408,-0.071738,-0.005539, 0.000000,
                               0.071733, 0.997423,-0.001115, 0.000000,
                               0.005605, 0.000715, 0.999984, 0.000000,
                              -4.785603,-0.000410,-0.000016, 1.000000;;
                            }
                            Frame Reference_LeftHandMiddle3 {
                              FrameTransformMatrix {
                                 0.998979, 0.045072,-0.003200, 0.000000,
                                -0.045074, 0.998983,-0.000495, 0.000000,
                                 0.003174, 0.000639, 0.999995, 0.000000,
                                -3.028760, 0.000310, 0.000001, 1.000000;;
                              }
                              Frame Reference_LeftHandMiddle4 {
                                FrameTransformMatrix {
                                  -0.987469,-0.152834,-0.039325, 0.000000,
                                  -0.152952, 0.988234, 0.000000, 0.000000,
                                   0.038862, 0.006015,-0.999226, 0.000000,
                                  -2.589840,-0.000132,-0.000011, 1.000000;;
                                }
                              } // End of Reference_LeftHandMiddle4
                            } // End of Reference_LeftHandMiddle3
                          } // End of Reference_LeftHandMiddle2
                        } // End of Reference_LeftHandMiddle1
                        Frame Reference_LeftHandPinky0 {
                          FrameTransformMatrix {
                             0.851699,-0.123749, 0.509211, 0.000000,
                             0.161851, 0.986328,-0.031011, 0.000000,
                            -0.498411, 0.108828, 0.860083, 0.000000,
                            -0.621882, 0.090735,-0.371839, 1.000000;;
                          }
                          Frame Reference_LeftHandPinky1 {
                            FrameTransformMatrix {
                               0.876985,-0.147686,-0.457259, 0.000000,
                               0.143953, 0.988640,-0.043220, 0.000000,
                               0.458447,-0.027920, 0.888283, 0.000000,
                              -5.841808, 0.000105,-0.000034, 1.000000;;
                            }
                            Frame Reference_LeftHandPinky2 {
                              FrameTransformMatrix {
                                 0.995997,-0.082738, 0.033829, 0.000000,
                                 0.082580, 0.996566, 0.006051, 0.000000,
                                -0.034214,-0.003233, 0.999409, 0.000000,
                                -3.798519,-0.000450,-0.000042, 1.000000;;
                              }
                              Frame Reference_LeftHandPinky3 {
                                FrameTransformMatrix {
                                   0.997293, 0.050986, 0.052985, 0.000000,
                                  -0.051411, 0.998655, 0.006699, 0.000000,
                                  -0.052572,-0.009405, 0.998573, 0.000000,
                                  -2.035201,-0.000401, 0.000004, 1.000000;;
                                }
                                Frame Reference_LeftHandPinky4 {
                                  FrameTransformMatrix {
                                    -0.991081,-0.125303, 0.045365, 0.000000,
                                    -0.125432, 0.992102,-0.000000, 0.000000,
                                    -0.045007,-0.005690,-0.998970, 0.000000,
                                    -2.048080, 0.000110, 0.000011, 1.000000;;
                                  }
                                } // End of Reference_LeftHandPinky4
                              } // End of Reference_LeftHandPinky3
                            } // End of Reference_LeftHandPinky2
                          } // End of Reference_LeftHandPinky1
                        } // End of Reference_LeftHandPinky0
                        Frame Reference_LeftHandRing1 {
                          FrameTransformMatrix {
                             0.945432,-0.319374, 0.064495, 0.000000,
                             0.319594, 0.947528, 0.007160, 0.000000,
                            -0.063397, 0.013843, 0.997893, 0.000000,
                            -6.110313, 0.117161,-1.201400, 1.000000;;
                          }
                          Frame Reference_LeftHandRing2 {
                            FrameTransformMatrix {
                               0.992529,-0.120428,-0.019560, 0.000000,
                               0.120360, 0.992720,-0.004606, 0.000000,
                               0.019972, 0.002217, 0.999798, 0.000000,
                              -4.583117, 0.000296,-0.000001, 1.000000;;
                            }
                            Frame Reference_LeftHandRing3 {
                              FrameTransformMatrix {
                                 0.997959,-0.030256, 0.056234, 0.000000,
                                 0.029455, 0.999453, 0.015029, 0.000000,
                                -0.056658,-0.013342, 0.998304, 0.000000,
                                -2.793337,-0.000245,-0.000003, 1.000000;;
                              }
                              Frame Reference_LeftHandRing4 {
                                FrameTransformMatrix {
                                  -0.966091,-0.258190, 0.002495, 0.000000,
                                  -0.258191, 0.966094, 0.000000, 0.000000,
                                  -0.002411,-0.000644,-0.999997, 0.000000,
                                  -2.387455,-0.000444,-0.000004, 1.000000;;
                                }
                              } // End of Reference_LeftHandRing4
                            } // End of Reference_LeftHandRing3
                          } // End of Reference_LeftHandRing2
                        } // End of Reference_LeftHandRing1
                        Frame Reference_LeftHandThumb1 {
                          FrameTransformMatrix {
                             0.423054,-0.537866,-0.729195, 0.000000,
                            -0.791290, 0.172778,-0.586523, 0.000000,
                             0.441459, 0.825136,-0.352514, 0.000000,
                             0.309472, 2.683757, 2.862115, 1.000000;;
                          }
                          Frame Reference_LeftHandThumb2 {
                            FrameTransformMatrix {
                               0.944744,-0.304068, 0.122476, 0.000000,
                               0.287063, 0.947806, 0.138774, 0.000000,
                              -0.158280,-0.095948, 0.982721, 0.000000,
                              -2.191956,-0.000032,-0.000013, 1.000000;;
                            }
                            Frame Reference_LeftHandThumb3 {
                              FrameTransformMatrix {
                                 0.994017,-0.018533,-0.107639, 0.000000,
                                 0.019300, 0.999795, 0.006090, 0.000000,
                                 0.107504,-0.008131, 0.994172, 0.000000,
                                -3.408815, 0.000019, 0.000227, 1.000000;;
                              }
                              Frame Reference_LeftHandThumb4 {
                                FrameTransformMatrix {
                                  -0.700473, 0.644118,-0.307325, 0.000000,
                                  -0.401771, 0.000000, 0.915741, 0.000000,
                                   0.589845, 0.764926, 0.258788, 0.000000,
                                  -3.202775,-0.000029,-0.000865, 1.000000;;
                                }
                              } // End of Reference_LeftHandThumb4
                            } // End of Reference_LeftHandThumb3
                          } // End of Reference_LeftHandThumb2
                        } // End of Reference_LeftHandThumb1
                      } // End of Reference_LeftFingerBase
                    } // End of Reference_LeftHand
                  } // End of Reference_LeftForeArm
                } // End of Reference_LeftArm
              } // End of Reference_LeftShoulder
              Frame Reference_Neck {
                FrameTransformMatrix {
                   0.877331, 0.000000,-0.479886, 0.000000,
                  -0.000000, 1.000000,-0.000000, 0.000000,
                   0.479886, 0.000000, 0.877331, 0.000000,
                  26.499084,-0.000000,-9.990636, 1.000000;;
                }
                Frame Reference_Head {
                  FrameTransformMatrix {
                     0.946643, 0.000000, 0.322284, 0.000000,
                     0.000000, 1.000000, 0.000000, 0.000000,
                    -0.322284,-0.000000, 0.946643, 0.000000,
                    10.652230, 0.000000, 0.000003, 1.000000;;
                  }
                  Frame Reference_HeadEnd {
                    FrameTransformMatrix {
                      -0.000000, 1.000000,-0.000000, 0.000000,
                       1.000000, 0.000000,-0.000000, 0.000000,
                      -0.000000,-0.000000,-1.000000, 0.000000,
                      19.300306, 0.000000,-0.000001, 1.000000;;
                    }
                  } // End of Reference_HeadEnd
                  Frame Reference_LeftEye {
                    FrameTransformMatrix {
                      -0.000000, 0.000000,-1.000000, 0.000000,
                      -0.000000, 1.000000, 0.000000, 0.000000,
                       1.000000,-0.000000,-0.000000, 0.000000,
                       5.494901, 3.220870,-6.866004, 1.000000;;
                    }
                  } // End of Reference_LeftEye
                  Frame Reference_RightEye {
                    FrameTransformMatrix {
                      -0.000000, 0.000000,-1.000000, 0.000000,
                      -0.000000, 1.000000, 0.000000, 0.000000,
                       1.000000,-0.000000,-0.000000, 0.000000,
                       5.495222,-3.220872,-6.865984, 1.000000;;
                    }
                  } // End of Reference_RightEye
                } // End of Reference_Head
              } // End of Reference_Neck
              Frame Reference_RightShoulder {
                FrameTransformMatrix {
                  -0.128398,-0.991573, 0.017249, 0.000000,
                   0.976776,-0.129452,-0.170735, 0.000000,
                   0.171529,-0.005073, 0.985166, 0.000000,
                  23.214510,-3.911640,-6.864038, 1.000000;;
                }
                Frame Reference_RightArm {
                  FrameTransformMatrix {
                     0.383634,-0.652034,-0.653970, 0.000000,
                    -0.100906, 0.674317,-0.731515, 0.000000,
                     0.917956, 0.346624, 0.192897, 0.000000,
                    13.906031,-0.000065, 0.000001, 1.000000;;
                  }
                  Frame Reference_RightForeArm {
                    FrameTransformMatrix {
                       0.809697, 0.586789,-0.008307, 0.000000,
                      -0.574164, 0.795044, 0.195553, 0.000000,
                       0.121353,-0.153569, 0.980658, 0.000000,
                      26.350052, 0.000054, 0.000003, 1.000000;;
                    }
                    Frame Reference_RightHand {
                      FrameTransformMatrix {
                         0.969957, 0.239129,-0.044735, 0.000000,
                        -0.238933, 0.970987, 0.009768, 0.000000,
                         0.045773, 0.001214, 0.998951, 0.000000,
                        24.739130,-0.000004, 0.000003, 1.000000;;
                      }
                      Frame Reference_RightFingerBase {
                        FrameTransformMatrix {
                           1.000000,-0.000000,-0.000000, 0.000000,
                           0.000000, 1.000000, 0.000000, 0.000000,
                          -0.000000,-0.000000, 1.000000, 0.000000,
                           2.072902, 0.000000, 0.000003, 1.000000;;
                        }
                        Frame Reference_RightHandIndex0 {
                          FrameTransformMatrix {
                             0.876603,-0.063851,-0.476960, 0.000000,
                             0.104900, 0.992677, 0.059906, 0.000000,
                             0.469642,-0.102546, 0.876881, 0.000000,
                             0.722868,-0.052657,-0.393311, 1.000000;;
                          }
                          Frame Reference_RightHandIndex1 {
                            FrameTransformMatrix {
                               0.853516,-0.081548, 0.514646, 0.000000,
                               0.102929, 0.994603,-0.013103, 0.000000,
                              -0.510800, 0.064156, 0.857303, 0.000000,
                               6.597017, 0.000001,-0.000004, 1.000000;;
                            }
                            Frame Reference_RightHandIndex2 {
                              FrameTransformMatrix {
                                 0.993232,-0.113673,-0.023828, 0.000000,
                                 0.113655, 0.993518,-0.002114, 0.000000,
                                 0.023914,-0.000609, 0.999714, 0.000000,
                                 4.163548, 0.000005,-0.000001, 1.000000;;
                              }
                              Frame Reference_RightHandIndex3 {
                                FrameTransformMatrix {
                                   0.994225,-0.033889, 0.101825, 0.000000,
                                   0.032788, 0.999385, 0.012475, 0.000000,
                                  -0.102185,-0.009064, 0.994724, 0.000000,
                                   2.425158, 0.000020,-0.000005, 1.000000;;
                                }
                                Frame Reference_RightHandIndex4 {
                                  FrameTransformMatrix {
                                    -0.992425,-0.121584, 0.017586, 0.000000,
                                    -0.121603, 0.992579,-0.000000, 0.000000,
                                    -0.017456,-0.002139,-0.999845, 0.000000,
                                     2.728688, 0.000016,-0.000003, 1.000000;;
                                  }
                                } // End of Reference_RightHandIndex4
                              } // End of Reference_RightHandIndex3
                            } // End of Reference_RightHandIndex2
                          } // End of Reference_RightHandIndex1
                        } // End of Reference_RightHandIndex0
                        Frame Reference_RightHandMiddle1 {
                          FrameTransformMatrix {
                             0.939762,-0.334684, 0.069520, 0.000000,
                             0.334901, 0.942212, 0.008866, 0.000000,
                            -0.068470, 0.014950, 0.997541, 0.000000,
                             6.327029, 0.117003,-1.201408, 1.000000;;
                          }
                          Frame Reference_RightHandMiddle2 {
                            FrameTransformMatrix {
                               0.997408,-0.071739,-0.005542, 0.000000,
                               0.071734, 0.997423,-0.001116, 0.000000,
                               0.005608, 0.000715, 0.999984, 0.000000,
                               4.785653, 0.000004, 0.000000, 1.000000;;
                            }
                            Frame Reference_RightHandMiddle3 {
                              FrameTransformMatrix {
                                 0.998978, 0.045074,-0.003200, 0.000000,
                                -0.045076, 0.998983,-0.000495, 0.000000,
                                 0.003175, 0.000639, 0.999995, 0.000000,
                                 3.028725,-0.000020, 0.000002, 1.000000;;
                              }
                              Frame Reference_RightHandMiddle4 {
                                FrameTransformMatrix {
                                  -0.987469,-0.152834,-0.039325, 0.000000,
                                  -0.152952, 0.988234,-0.000000, 0.000000,
                                   0.038863, 0.006015,-0.999226, 0.000000,
                                   2.589882,-0.000021,-0.000000, 1.000000;;
                                }
                              } // End of Reference_RightHandMiddle4
                            } // End of Reference_RightHandMiddle3
                          } // End of Reference_RightHandMiddle2
                        } // End of Reference_RightHandMiddle1
                        Frame Reference_RightHandPinky0 {
                          FrameTransformMatrix {
                             0.851698,-0.123750, 0.509211, 0.000000,
                             0.161852, 0.986328,-0.031011, 0.000000,
                            -0.498411, 0.108828, 0.860083, 0.000000,
                             0.621945,-0.090368, 0.371847, 1.000000;;
                          }
                          Frame Reference_RightHandPinky1 {
                            FrameTransformMatrix {
                               0.876990,-0.147686,-0.457250, 0.000000,
                               0.143953, 0.988640,-0.043221, 0.000000,
                               0.458439,-0.027919, 0.888287, 0.000000,
                               5.841864, 0.000003, 0.000001, 1.000000;;
                            }
                            Frame Reference_RightHandPinky2 {
                              FrameTransformMatrix {
                                 0.995997,-0.082739, 0.033820, 0.000000,
                                 0.082581, 0.996566, 0.006050, 0.000000,
                                -0.034204,-0.003233, 0.999410, 0.000000,
                                 3.798513, 0.000005, 0.000002, 1.000000;;
                              }
                              Frame Reference_RightHandPinky3 {
                                FrameTransformMatrix {
                                   0.997293, 0.050988, 0.052984, 0.000000,
                                  -0.051414, 0.998655, 0.006699, 0.000000,
                                  -0.052571,-0.009405, 0.998573, 0.000000,
                                   2.035357, 0.000015, 0.000003, 1.000000;;
                                }
                                Frame Reference_RightHandPinky4 {
                                  FrameTransformMatrix {
                                    -0.991081,-0.125302, 0.045365, 0.000000,
                                    -0.125431, 0.992102,-0.000000, 0.000000,
                                    -0.045006,-0.005690,-0.998970, 0.000000,
                                     2.048038,-0.000005,-0.000001, 1.000000;;
                                  }
                                } // End of Reference_RightHandPinky4
                              } // End of Reference_RightHandPinky3
                            } // End of Reference_RightHandPinky2
                          } // End of Reference_RightHandPinky1
                        } // End of Reference_RightHandPinky0
                        Frame Reference_RightHandRing1 {
                          FrameTransformMatrix {
                             0.945431,-0.319375, 0.064493, 0.000000,
                             0.319594, 0.947528, 0.007160, 0.000000,
                            -0.063396, 0.013842, 0.997893, 0.000000,
                             6.110405,-0.117016, 1.201411, 1.000000;;
                          }
                          Frame Reference_RightHandRing2 {
                            FrameTransformMatrix {
                               0.992529,-0.120428,-0.019559, 0.000000,
                               0.120360, 0.992720,-0.004606, 0.000000,
                               0.019971, 0.002217, 0.999798, 0.000000,
                               4.583063, 0.000008,-0.000003, 1.000000;;
                            }
                            Frame Reference_RightHandRing3 {
                              FrameTransformMatrix {
                                 0.997959,-0.030257, 0.056233, 0.000000,
                                 0.029455, 0.999453, 0.015029, 0.000000,
                                -0.056657,-0.013341, 0.998304, 0.000000,
                                 2.793343, 0.000001,-0.000001, 1.000000;;
                              }
                              Frame Reference_RightHandRing4 {
                                FrameTransformMatrix {
                                  -0.966091,-0.258191, 0.002495, 0.000000,
                                  -0.258192, 0.966094, 0.000000, 0.000000,
                                  -0.002411,-0.000644,-0.999997, 0.000000,
                                   2.387585,-0.000015, 0.000003, 1.000000;;
                                }
                              } // End of Reference_RightHandRing4
                            } // End of Reference_RightHandRing3
                          } // End of Reference_RightHandRing2
                        } // End of Reference_RightHandRing1
                        Frame Reference_RightHandThumb1 {
                          FrameTransformMatrix {
                             0.423053,-0.537866,-0.729196, 0.000000,
                            -0.441459,-0.825135, 0.352515, 0.000000,
                            -0.791291, 0.172777,-0.586521, 0.000000,
                            -0.309403,-2.683483,-2.862103, 1.000000;;
                          }
                          Frame Reference_RightHandThumb2 {
                            FrameTransformMatrix {
                               0.944744, 0.122476, 0.304069, 0.000000,
                               0.158281,-0.982721,-0.095950, 0.000000,
                               0.287063, 0.138776,-0.947806, 0.000000,
                               2.191969,-0.000008, 0.000003, 1.000000;;
                            }
                            Frame Reference_RightHandThumb3 {
                              FrameTransformMatrix {
                                 0.994017,-0.107638, 0.018533, 0.000000,
                                -0.107503,-0.994172,-0.008130, 0.000000,
                                 0.019301, 0.006089,-0.999795, 0.000000,
                                 3.408715, 0.000001, 0.000006, 1.000000;;
                              }
                              Frame Reference_RightHandThumb4 {
                                FrameTransformMatrix {
                                  -0.700474,-0.307324,-0.644118, 0.000000,
                                  -0.401770, 0.915741, 0.000001, 0.000000,
                                   0.589845, 0.258788,-0.764926, 0.000000,
                                   3.203198, 0.000002, 0.000001, 1.000000;;
                                }
                              } // End of Reference_RightHandThumb4
                            } // End of Reference_RightHandThumb3
                          } // End of Reference_RightHandThumb2
                        } // End of Reference_RightHandThumb1
                      } // End of Reference_RightFingerBase
                    } // End of Reference_RightHand
                  } // End of Reference_RightForeArm
                } // End of Reference_RightArm
              } // End of Reference_RightShoulder
            } // End of Reference_Spine2
          } // End of Reference_Spine1
        } // End of Reference_Spine
      } // End of Reference_Hips
      Frame H_DDS_LowRes {
        FrameTransformMatrix {
           1.000000, 0.000000,-0.000000, 0.000000,
          -0.000000, 1.000000,-0.000000, 0.000000,
           0.000000,-0.000000, 1.000000, 0.000000,
           0.000000, 0.000004,-0.000031, 1.000000;;
        }
        Mesh { // H_DDS_LowRes mesh
          15364;
           4.593785;168.325562;12.752663;,
           4.332209;168.235764;11.906244;,
           3.908659;168.794891;11.904643;,
           4.070426;169.026062;12.751239;,
           4.070426;169.026062;12.751239;,
           3.908659;168.794891;11.904643;,
           3.223820;168.992767;11.902949;,
           3.224052;169.280090;12.749697;,
           3.224052;169.280090;12.749697;,
           3.223820;168.992767;11.902949;,
           2.539373;168.759583;11.902199;,
           2.378037;168.995911;12.749006;,
           2.378037;168.995911;12.749006;,
           2.539373;168.759583;11.902199;,
           2.116620;168.188354;11.902949;,
           1.855379;168.285690;12.749698;,
           1.855379;168.285690;12.749698;,
           2.116620;168.188354;11.902949;,
           2.116918;167.493134;11.904643;,
           1.855601;167.416916;12.751241;,
           1.855601;167.416916;12.751241;,
           2.116918;167.493134;11.904643;,
           2.540230;166.933792;11.906244;,
           2.378714;166.716217;12.752663;,
           2.378714;166.716217;12.752663;,
           2.540230;166.933792;11.906244;,
           3.224957;166.724762;11.907178;,
           3.224997;166.451981;12.753464;,
           3.224997;166.451981;12.753464;,
           3.224957;166.724762;11.907178;,
           3.909575;166.951141;11.907457;,
           4.071204;166.729996;12.753696;,
           4.071204;166.729996;12.753696;,
           3.909575;166.951141;11.907457;,
           4.332546;167.529465;11.907178;,
           4.594070;167.446671;12.753464;,
           4.594070;167.446671;12.753464;,
           4.332546;167.529465;11.907178;,
           4.332209;168.235764;11.906244;,
           4.593785;168.325562;12.752663;,
           4.444846;168.287659;13.406981;,
           4.593785;168.325562;12.752663;,
           4.070426;169.026062;12.751239;,
           3.978725;168.921188;13.406376;,
           3.978725;168.921188;13.406376;,
           4.070426;169.026062;12.751239;,
           3.224052;169.280090;12.749697;,
           3.224686;169.157394;13.405696;,
           3.224686;169.157394;13.405696;,
           3.224052;169.280090;12.749697;,
           2.378037;168.995911;12.749006;,
           2.470791;168.908524;13.405388;,
           2.470791;168.908524;13.405388;,
           2.378037;168.995911;12.749006;,
           1.855379;168.285690;12.749698;,
           2.004950;168.271210;13.405696;,
           2.004950;168.271210;13.405696;,
           1.855379;168.285690;12.749698;,
           1.855601;167.416916;12.751241;,
           2.005050;167.487228;13.406376;,
           2.005050;167.487228;13.406376;,
           1.855601;167.416916;12.751241;,
           2.378714;166.716217;12.752663;,
           2.471083;166.853638;13.406981;,
           2.471083;166.853638;13.406981;,
           2.378714;166.716217;12.752663;,
           3.224997;166.451981;12.753464;,
           3.225070;166.612793;13.407304;,
           3.225070;166.612793;13.407304;,
           3.224997;166.451981;12.753464;,
           4.071204;166.729996;12.753696;,
           3.979025;166.858902;13.407396;,
           3.979025;166.858902;13.407396;,
           4.071204;166.729996;12.753696;,
           4.594070;167.446671;12.753464;,
           4.444952;167.499100;13.407306;,
           4.444952;167.499100;13.407306;,
           4.594070;167.446671;12.753464;,
           4.593785;168.325562;12.752663;,
           4.444846;168.287659;13.406981;,
           4.193172;168.209915;13.771673;,
           4.444846;168.287659;13.406981;,
           3.978725;168.921188;13.406376;,
           3.823327;168.716034;13.771448;,
           3.823327;168.716034;13.771448;,
           3.978725;168.921188;13.406376;,
           3.224686;169.157394;13.405696;,
           3.224956;168.907196;13.771188;,
           3.224956;168.907196;13.771188;,
           3.224686;169.157394;13.405696;,
           2.470791;168.908524;13.405388;,
           2.626633;168.711319;13.771069;,
           2.626633;168.711319;13.771069;,
           2.470791;168.908524;13.405388;,
           2.004950;168.271210;13.405696;,
           2.256886;168.203873;13.771188;,
           2.256886;168.203873;13.771188;,
           2.004950;168.271210;13.405696;,
           2.005050;167.487228;13.406376;,
           2.256928;167.578003;13.771448;,
           2.256928;167.578003;13.771448;,
           2.005050;167.487228;13.406376;,
           2.471083;166.853638;13.406981;,
           2.626748;167.071838;13.771673;,
           2.626748;167.071838;13.771673;,
           2.471083;166.853638;13.406981;,
           3.225070;166.612793;13.407304;,
           3.225096;166.878876;13.771791;,
           3.225096;166.878876;13.771791;,
           3.225070;166.612793;13.407304;,
           3.979025;166.858902;13.407396;,
           3.823430;167.073654;13.771822;,
           3.823430;167.073654;13.771822;,
           3.979025;166.858902;13.407396;,
           4.444952;167.499100;13.407306;,
           4.193207;167.582260;13.771791;,
           4.193207;167.582260;13.771791;,
           4.444952;167.499100;13.407306;,
           4.444846;168.287659;13.406981;,
           4.193172;168.209915;13.771673;,
           3.846657;168.098572;14.036511;,
           4.193172;168.209915;13.771673;,
           3.823327;168.716034;13.771448;,
           3.609226;168.424561;14.036450;,
