xof 0303txt 0032

Frame Root {
  FrameTransformMatrix {
     1.000000, 0.000000, 0.000000, 0.000000,
     0.000000,-0.000000, 1.000000, 0.000000,
     0.000000, 1.000000, 0.000000, 0.000000,
     0.000000, 0.000000, 0.000000, 1.000000;;
  }
  Frame Lights {
    FrameTransformMatrix {
       0.003361, 0.000000, 0.000000, 0.000000,
       0.000000,-0.000000, 0.003361, 0.000000,
       0.000000,-0.003361,-0.000000, 0.000000,
       0.000000, 0.000000, 0.000000, 1.000000;;
    }
  } // End of Lights
  Frame master {
    FrameTransformMatrix {
       0.010925, 0.000000, 0.000000, 0.000000,
       0.000000,-0.000000, 0.010925, 0.000000,
       0.000000,-0.010925,-0.000000, 0.000000,
       0.000000, 0.000000, 0.000000, 1.000000;;
    }
    Frame Reference {
      FrameTransformMatrix {
         1.000000, 0.000000, 0.000000, 0.000000,
         0.000000, 1.000000, 0.000000, 0.000000,
         0.000000, 0.000000, 1.000000, 0.000000,
         0.000000, 0.000000, 0.000000, 1.000000;;
      }
      Frame Reference_Hips {
        FrameTransformMatrix {
           1.000000, 0.000000, 0.000000, 0.000000,
           0.000000,-0.000000,-1.000000, 0.000000,
           0.000000, 1.000000,-0.000000, 0.000000,
           0.000000,100.237953,-1.461940, 1.000000;;
        }
        Frame Reference_LeftUpLeg {
          FrameTransformMatrix {
            -0.011388,-0.013953, 0.999838, 0.000000,
            -0.999935,-0.000000,-0.011389, 0.000000,
             0.000159,-0.999903,-0.013952, 0.000000,
             7.947720,-6.981019,-3.994553, 1.000000;;
          }
          Frame Reference_LeftLeg {
            FrameTransformMatrix {
               0.999513,-0.012947, 0.028393, 0.000000,
               0.012957, 0.999916,-0.000181, 0.000000,
              -0.028388, 0.000549, 0.999597, 0.000000,
              -42.471222, 0.000012, 0.000008, 1.000000;;
            }
            Frame Reference_LeftFoot {
              FrameTransformMatrix {
                 0.351142,-0.012454,-0.936240, 0.000000,
                -0.936320,-0.006986,-0.351079, 0.000000,
                -0.002169, 0.999898,-0.014114, 0.000000,
                -43.607426,-0.000020,-0.000003, 1.000000;;
              }
              Frame Reference_LeftToeBase {
                FrameTransformMatrix {
                   0.992127, 0.125238,-0.000001, 0.000000,
                  -0.125238, 0.992126, 0.000000, 0.000000,
                   0.000001, 0.000000, 1.000000, 0.000000,
                  -16.448965,-0.000009, 0.000004, 1.000000;;
                }
                Frame Reference_LeftToeEnd {
                  FrameTransformMatrix {
                     0.013659, 0.003862,-0.999899, 0.000000,
                    -0.272072, 0.962277,-0.000000, 0.000000,
                     0.962180, 0.272045, 0.014194, 0.000000,
                    -7.868490,-0.000000,-0.000001, 1.000000;;
                  }
                } // End of Reference_LeftToeEnd
              } // End of Reference_LeftToeBase
            } // End of Reference_LeftFoot
          } // End of Reference_LeftLeg
        } // End of Reference_LeftUpLeg
        Frame Reference_RightUpLeg {
          FrameTransformMatrix {
            -0.011388, 0.013953,-0.999838, 0.000000,
            -0.999935, 0.000000, 0.011389, 0.000000,
             0.000159, 0.999903, 0.013952, 0.000000,
            -7.947719,-6.981025,-3.994553, 1.000000;;
          }
          Frame Reference_RightLeg {
            FrameTransformMatrix {
               0.999513,-0.012947, 0.028393, 0.000000,
               0.012957, 0.999916,-0.000181, 0.000000,
              -0.028388, 0.000549, 0.999597, 0.000000,
              42.471127, 0.000001, 0.000000, 1.000000;;
            }
            Frame Reference_RightFoot {
              FrameTransformMatrix {
                 0.351142,-0.012454,-0.936240, 0.000000,
                -0.936320,-0.006986,-0.351079, 0.000000,
                -0.002168, 0.999898,-0.014114, 0.000000,
                43.607494, 0.000026,-0.000006, 1.000000;;
              }
              Frame Reference_RightToeBase {
                FrameTransformMatrix {
                   0.992127, 0.125238,-0.000000, 0.000000,
                  -0.125238, 0.992126,-0.000000, 0.000000,
                   0.000000, 0.000000, 1.000000, 0.000000,
                  16.448982, 0.000001,-0.000001, 1.000000;;
                }
                Frame Reference_RightToeEnd {
                  FrameTransformMatrix {
                     0.013658, 0.003862,-0.999899, 0.000000,
                    -0.272072, 0.962277,-0.000000, 0.000000,
                     0.962180, 0.272045, 0.014194, 0.000000,
                     7.868515, 0.000002,-0.000001, 1.000000;;
                  }
                } // End of Reference_RightToeEnd
              } // End of Reference_RightToeBase
            } // End of Reference_RightFoot
          } // End of Reference_RightLeg
        } // End of Reference_RightUpLeg
        Frame Reference_Spine {
          FrameTransformMatrix {
            -0.000000,-0.000000, 1.000000, 0.000000,
             1.000000,-0.000000, 0.000000, 0.000000,
             0.000000, 1.000000, 0.000000, 0.000000,
             0.000000, 0.000000, 4.539528, 1.000000;;
          }
          Frame Reference_Spine1 {
            FrameTransformMatrix {
               0.992729, 0.000000, 0.120370, 0.000000,
               0.000000, 1.000000, 0.000000, 0.000000,
              -0.120370, 0.000000, 0.992729, 0.000000,
               9.079063, 0.000000, 0.000001, 1.000000;;
            }
            Frame Reference_Spine2 {
              FrameTransformMatrix {
                 0.998663, 0.000000, 0.051698, 0.000000,
                -0.000000, 1.000000,-0.000000, 0.000000,
                -0.051698,-0.000000, 0.998663, 0.000000,
                10.725619, 0.000000, 0.000001, 1.000000;;
              }
              Frame Reference_LeftShoulder {
                FrameTransformMatrix {
                   0.128398,-0.991573,-0.017249, 0.000000,
                  -0.976776,-0.129452, 0.170735, 0.000000,
                  -0.171529,-0.005073,-0.985166, 0.000000,
                  23.214495, 3.911640,-6.864036, 1.000000;;
                }
                Frame Reference_LeftArm {
                  FrameTransformMatrix {
                     0.184840,-0.982528, 0.021731, 0.000000,
                     0.982738, 0.184965, 0.003858, 0.000000,
                    -0.007810, 0.020643, 0.999756, 0.000000,
                    -13.906029,-0.000197, 0.000004, 1.000000;;
                  }
                  Frame Reference_LeftForeArm {
                    FrameTransformMatrix {
                       0.966873,-0.080987,-0.242068, 0.000000,
                       0.081871, 0.996622,-0.006421, 0.000000,
                       0.241771,-0.013610, 0.970238, 0.000000,
                      -26.350039,-0.000060, 0.000003, 1.000000;;
                    }
                    Frame Reference_LeftHand {
                      FrameTransformMatrix {
                         0.969957, 0.239128,-0.044740, 0.000000,
                        -0.238932, 0.970987, 0.009769, 0.000000,
                         0.045778, 0.001214, 0.998951, 0.000000,
                        -24.739098,-0.000026, 0.000134, 1.000000;;
                      }
                      Frame Reference_LeftFingerBase {
                        FrameTransformMatrix {
                           1.000000, 0.000000,-0.000000, 0.000000,
                          -0.000000, 1.000000,-0.000000, 0.000000,
                           0.000000, 0.000000, 1.000000, 0.000000,
                          -2.072913, 0.000203,-0.000010, 1.000000;;
                        }
                        Frame Reference_LeftHandIndex0 {
                          FrameTransformMatrix {
                             0.876603,-0.063850,-0.476960, 0.000000,
                             0.104899, 0.992677, 0.059906, 0.000000,
                             0.469642,-0.102546, 0.876881, 0.000000,
                            -0.722884, 0.052411, 0.393316, 1.000000;;
                          }
                          Frame Reference_LeftHandIndex1 {
                            FrameTransformMatrix {
                               0.853447,-0.081539, 0.514762, 0.000000,
                               0.102929, 0.994603,-0.013103, 0.000000,
                              -0.510915, 0.064167, 0.857233, 0.000000,
                              -6.597054, 0.000126,-0.000037, 1.000000;;
                            }
                            Frame Reference_LeftHandIndex2 {
                              FrameTransformMatrix {
                                 0.993229,-0.113672,-0.023960, 0.000000,
                                 0.113653, 0.993518,-0.002129, 0.000000,
                                 0.024047,-0.000609, 0.999711, 0.000000,
                                -4.163578,-0.000023, 0.000558, 1.000000;;
                              }
                              Frame Reference_LeftHandIndex3 {
                                FrameTransformMatrix {
                                   0.994225,-0.033890, 0.101823, 0.000000,
                                   0.032789, 0.999384, 0.012475, 0.000000,
                                  -0.102183,-0.009064, 0.994724, 0.000000,
                                  -2.425124,-0.000274, 0.000009, 1.000000;;
                                }
                                Frame Reference_LeftHandIndex4 {
                                  FrameTransformMatrix {
                                    -0.992425,-0.121583, 0.017586, 0.000000,
                                    -0.121602, 0.992579,-0.000000, 0.000000,
                                    -0.017455,-0.002139,-0.999845, 0.000000,
                                    -2.728691, 0.000190, 0.000001, 1.000000;;
                                  }
                                } // End of Reference_LeftHandIndex4
                              } // End of Reference_LeftHandIndex3
                            } // End of Reference_LeftHandIndex2
                          } // End of Reference_LeftHandIndex1
                        } // End of Reference_LeftHandIndex0
                        Frame Reference_LeftHandMiddle1 {
                          FrameTransformMatrix {
                             0.939763,-0.334683, 0.069517, 0.000000,
                             0.334899, 0.942212, 0.008866, 0.000000,
                            -0.068467, 0.014949, 0.997541, 0.000000,
                            -6.327053,-0.116986, 1.201410, 1.000000;;
                          }
                          Frame Reference_LeftHandMiddle2 {
                            FrameTransformMatrix {
                               0.997408,-0.071738,-0.005539, 0.000000,
                               0.071733, 0.997423,-0.001115, 0.000000,
                               0.005605, 0.000715, 0.999984, 0.000000,
                              -4.785608,-0.000404,-0.000015, 1.000000;;
                            }
                            Frame Reference_LeftHandMiddle3 {
                              FrameTransformMatrix {
                                 0.998979, 0.045072,-0.003200, 0.000000,
                                -0.045074, 0.998983,-0.000495, 0.000000,
                                 0.003174, 0.000639, 0.999995, 0.000000,
                                -3.028754, 0.000311, 0.000002, 1.000000;;
                              }
                              Frame Reference_LeftHandMiddle4 {
                                FrameTransformMatrix {
                                  -0.987469,-0.152834,-0.039325, 0.000000,
                                  -0.152952, 0.988234, 0.000000, 0.000000,
                                   0.038862, 0.006015,-0.999227, 0.000000,
                                  -2.589827,-0.000126,-0.000008, 1.000000;;
                                }
                              } // End of Reference_LeftHandMiddle4
                            } // End of Reference_LeftHandMiddle3
                          } // End of Reference_LeftHandMiddle2
                        } // End of Reference_LeftHandMiddle1
                        Frame Reference_LeftHandPinky0 {
                          FrameTransformMatrix {
                             0.851699,-0.123749, 0.509211, 0.000000,
                             0.161851, 0.986328,-0.031011, 0.000000,
                            -0.498411, 0.108828, 0.860083, 0.000000,
                            -0.621882, 0.090749,-0.371844, 1.000000;;
                          }
                          Frame Reference_LeftHandPinky1 {
                            FrameTransformMatrix {
                               0.876985,-0.147686,-0.457259, 0.000000,
                               0.143953, 0.988640,-0.043220, 0.000000,
                               0.458447,-0.027920, 0.888283, 0.000000,
                              -5.841805, 0.000113,-0.000032, 1.000000;;
                            }
                            Frame Reference_LeftHandPinky2 {
                              FrameTransformMatrix {
                                 0.995997,-0.082738, 0.033829, 0.000000,
                                 0.082580, 0.996566, 0.006051, 0.000000,
                                -0.034214,-0.003233, 0.999409, 0.000000,
                                -3.798512,-0.000452,-0.000037, 1.000000;;
                              }
                              Frame Reference_LeftHandPinky3 {
                                FrameTransformMatrix {
                                   0.997293, 0.050986, 0.052985, 0.000000,
                                  -0.051411, 0.998655, 0.006699, 0.000000,
                                  -0.052572,-0.009405, 0.998573, 0.000000,
                                  -2.035199,-0.000399, 0.000000, 1.000000;;
                                }
                                Frame Reference_LeftHandPinky4 {
                                  FrameTransformMatrix {
                                    -0.991081,-0.125303, 0.045365, 0.000000,
                                    -0.125432, 0.992102,-0.000000, 0.000000,
                                    -0.045007,-0.005690,-0.998970, 0.000000,
                                    -2.048076, 0.000110, 0.000006, 1.000000;;
                                  }
                                } // End of Reference_LeftHandPinky4
                              } // End of Reference_LeftHandPinky3
                            } // End of Reference_LeftHandPinky2
                          } // End of Reference_LeftHandPinky1
                        } // End of Reference_LeftHandPinky0
                        Frame Reference_LeftHandRing1 {
                          FrameTransformMatrix {
                             0.945431,-0.319374, 0.064495, 0.000000,
                             0.319594, 0.947528, 0.007160, 0.000000,
                            -0.063397, 0.013843, 0.997892, 0.000000,
                            -6.110320, 0.117173,-1.201406, 1.000000;;
                          }
                          Frame Reference_LeftHandRing2 {
                            FrameTransformMatrix {
                               0.992529,-0.120428,-0.019560, 0.000000,
                               0.120360, 0.992720,-0.004606, 0.000000,
                               0.019973, 0.002217, 0.999798, 0.000000,
                              -4.583115, 0.000297, 0.000003, 1.000000;;
                            }
                            Frame Reference_LeftHandRing3 {
                              FrameTransformMatrix {
                                 0.997959,-0.030256, 0.056234, 0.000000,
                                 0.029455, 0.999453, 0.015029, 0.000000,
                                -0.056658,-0.013342, 0.998304, 0.000000,
                                -2.793338,-0.000251,-0.000006, 1.000000;;
                              }
                              Frame Reference_LeftHandRing4 {
                                FrameTransformMatrix {
                                  -0.966091,-0.258190, 0.002495, 0.000000,
                                  -0.258191, 0.966094, 0.000000, 0.000000,
                                  -0.002411,-0.000644,-0.999997, 0.000000,
                                  -2.387448,-0.000436, 0.000002, 1.000000;;
                                }
                              } // End of Reference_LeftHandRing4
                            } // End of Reference_LeftHandRing3
                          } // End of Reference_LeftHandRing2
                        } // End of Reference_LeftHandRing1
                        Frame Reference_LeftHandThumb1 {
                          FrameTransformMatrix {
                             0.423054,-0.537866,-0.729195, 0.000000,
                            -0.791290, 0.172778,-0.586523, 0.000000,
                             0.441459, 0.825135,-0.352514, 0.000000,
                             0.309470, 2.683766, 2.862107, 1.000000;;
                          }
                          Frame Reference_LeftHandThumb2 {
                            FrameTransformMatrix {
                               0.944744,-0.304068, 0.122476, 0.000000,
                               0.287063, 0.947806, 0.138774, 0.000000,
                              -0.158280,-0.095948, 0.982721, 0.000000,
                              -2.191946,-0.000036,-0.000020, 1.000000;;
                            }
                            Frame Reference_LeftHandThumb3 {
                              FrameTransformMatrix {
                                 0.994017,-0.018533,-0.107639, 0.000000,
                                 0.019300, 0.999795, 0.006090, 0.000000,
                                 0.107504,-0.008131, 0.994172, 0.000000,
                                -3.408812, 0.000016, 0.000219, 1.000000;;
                              }
                              Frame Reference_LeftHandThumb4 {
                                FrameTransformMatrix {
                                  -0.700473, 0.644118,-0.307325, 0.000000,
                                  -0.401771, 0.000000, 0.915741, 0.000000,
                                   0.589845, 0.764926, 0.258788, 0.000000,
                                  -3.202773,-0.000049,-0.000855, 1.000000;;
                                }
                              } // End of Reference_LeftHandThumb4
                            } // End of Reference_LeftHandThumb3
                          } // End of Reference_LeftHandThumb2
                        } // End of Reference_LeftHandThumb1
                      } // End of Reference_LeftFingerBase
                    } // End of Reference_LeftHand
                  } // End of Reference_LeftForeArm
                } // End of Reference_LeftArm
              } // End of Reference_LeftShoulder
              Frame Reference_Neck {
                FrameTransformMatrix {
                   0.877331, 0.000000,-0.479886, 0.000000,
                  -0.000000, 1.000000,-0.000000, 0.000000,
                   0.479886, 0.000000, 0.877331, 0.000000,
                  26.499084,-0.000000,-9.990636, 1.000000;;
                }
                Frame Reference_Head {
                  FrameTransformMatrix {
                     0.946643, 0.000000, 0.322284, 0.000000,
                     0.000000, 1.000000, 0.000000, 0.000000,
                    -0.322284,-0.000000, 0.946643, 0.000000,
                    10.652230, 0.000000, 0.000003, 1.000000;;
                  }
                  Frame Reference_HeadEnd {
                    FrameTransformMatrix {
                      -0.000000, 1.000000,-0.000000, 0.000000,
                       1.000000, 0.000000,-0.000000, 0.000000,
                      -0.000000,-0.000000,-1.000000, 0.000000,
                      19.300306, 0.000000,-0.000001, 1.000000;;
                    }
                  } // End of Reference_HeadEnd
                  Frame Reference_LeftEye {
                    FrameTransformMatrix {
                      -0.000000, 0.000000,-1.000000, 0.000000,
                      -0.000000, 1.000000, 0.000000, 0.000000,
                       1.000000,-0.000000,-0.000000, 0.000000,
                       5.494901, 3.220870,-6.866004, 1.000000;;
                    }
                  } // End of Reference_LeftEye
                  Frame Reference_RightEye {
                    FrameTransformMatrix {
                      -0.000000, 0.000000,-1.000000, 0.000000,
                      -0.000000, 1.000000, 0.000000, 0.000000,
                       1.000000,-0.000000,-0.000000, 0.000000,
                       5.495222,-3.220872,-6.865984, 1.000000;;
                    }
                  } // End of Reference_RightEye
                } // End of Reference_Head
              } // End of Reference_Neck
              Frame Reference_RightShoulder {
                FrameTransformMatrix {
                  -0.128398,-0.991573, 0.017249, 0.000000,
                   0.976776,-0.129452,-0.170735, 0.000000,
                   0.171529,-0.005073, 0.985166, 0.000000,
                  23.214510,-3.911640,-6.864038, 1.000000;;
                }
                Frame Reference_RightArm {
                  FrameTransformMatrix {
                     0.184840,-0.982528, 0.021731, 0.000000,
                     0.982737, 0.184965, 0.003858, 0.000000,
                    -0.007810, 0.020643, 0.999756, 0.000000,
                    13.906031,-0.000065, 0.000001, 1.000000;;
                  }
                  Frame Reference_RightForeArm {
                    FrameTransformMatrix {
                       0.943666,-0.079680,-0.321163, 0.000000,
                       0.081255, 0.996657,-0.008519, 0.000000,
                       0.320768,-0.018057, 0.946986, 0.000000,
                      26.350052, 0.000046, 0.000002, 1.000000;;
                    }
                    Frame Reference_RightHand {
                      FrameTransformMatrix {
                         0.969956, 0.239129,-0.044735, 0.000000,
                        -0.238933, 0.970987, 0.009768, 0.000000,
                         0.045773, 0.001214, 0.998951, 0.000000,
                        24.739122, 0.000000,-0.000001, 1.000000;;
                      }
                      Frame Reference_RightFingerBase {
                        FrameTransformMatrix {
                           1.000000,-0.000000,-0.000000, 0.000000,
                           0.000000, 1.000000, 0.000000, 0.000000,
                           0.000000,-0.000000, 1.000000, 0.000000,
                           2.072903,-0.000004,-0.000002, 1.000000;;
                        }
                        Frame Reference_RightHandIndex0 {
                          FrameTransformMatrix {
                             0.876603,-0.063851,-0.476960, 0.000000,
                             0.104900, 0.992677, 0.059906, 0.000000,
                             0.469642,-0.102546, 0.876881, 0.000000,
                             0.722861,-0.052649,-0.393318, 1.000000;;
                          }
                          Frame Reference_RightHandIndex1 {
                            FrameTransformMatrix {
                               0.853516,-0.081548, 0.514646, 0.000000,
                               0.102929, 0.994603,-0.013103, 0.000000,
                              -0.510800, 0.064156, 0.857303, 0.000000,
                               6.597017, 0.000001,-0.000005, 1.000000;;
                            }
                            Frame Reference_RightHandIndex2 {
                              FrameTransformMatrix {
                                 0.993232,-0.113673,-0.023828, 0.000000,
                                 0.113655, 0.993518,-0.002114, 0.000000,
                                 0.023914,-0.000609, 0.999714, 0.000000,
                                 4.163547,-0.000007, 0.000001, 1.000000;;
                              }
                              Frame Reference_RightHandIndex3 {
                                FrameTransformMatrix {
                                   0.994225,-0.033889, 0.101825, 0.000000,
                                   0.032788, 0.999384, 0.012475, 0.000000,
                                  -0.102185,-0.009064, 0.994724, 0.000000,
                                   2.425154, 0.000008, 0.000001, 1.000000;;
                                }
                                Frame Reference_RightHandIndex4 {
                                  FrameTransformMatrix {
                                    -0.992425,-0.121584, 0.017586, 0.000000,
                                    -0.121603, 0.992579,-0.000000, 0.000000,
                                    -0.017456,-0.002139,-0.999845, 0.000000,
                                     2.728690,-0.000001,-0.000000, 1.000000;;
                                  }
                                } // End of Reference_RightHandIndex4
                              } // End of Reference_RightHandIndex3
                            } // End of Reference_RightHandIndex2
                          } // End of Reference_RightHandIndex1
                        } // End of Reference_RightHandIndex0
                        Frame Reference_RightHandMiddle1 {
                          FrameTransformMatrix {
                             0.939762,-0.334684, 0.069520, 0.000000,
                             0.334901, 0.942212, 0.008866, 0.000000,
                            -0.068470, 0.014950, 0.997541, 0.000000,
                             6.327019, 0.117006,-1.201414, 1.000000;;
                          }
                          Frame Reference_RightHandMiddle2 {
                            FrameTransformMatrix {
                               0.997408,-0.071739,-0.005542, 0.000000,
                               0.071734, 0.997423,-0.001116, 0.000000,
                               0.005608, 0.000715, 0.999984, 0.000000,
                               4.785640, 0.000004,-0.000002, 1.000000;;
                            }
                            Frame Reference_RightHandMiddle3 {
                              FrameTransformMatrix {
                                 0.998979, 0.045074,-0.003200, 0.000000,
                                -0.045076, 0.998983,-0.000495, 0.000000,
                                 0.003174, 0.000639, 0.999995, 0.000000,
                                 3.028726, 0.000004, 0.000000, 1.000000;;
                              }
                              Frame Reference_RightHandMiddle4 {
                                FrameTransformMatrix {
                                  -0.987469,-0.152834,-0.039325, 0.000000,
                                  -0.152952, 0.988234,-0.000000, 0.000000,
                                   0.038863, 0.006015,-0.999226, 0.000000,
                                   2.589880,-0.000007,-0.000001, 1.000000;;
                                }
                              } // End of Reference_RightHandMiddle4
                            } // End of Reference_RightHandMiddle3
                          } // End of Reference_RightHandMiddle2
                        } // End of Reference_RightHandMiddle1
                        Frame Reference_RightHandPinky0 {
                          FrameTransformMatrix {
                             0.851698,-0.123750, 0.509211, 0.000000,
                             0.161852, 0.986328,-0.031011, 0.000000,
                            -0.498411, 0.108828, 0.860083, 0.000000,
                             0.621940,-0.090363, 0.371843, 1.000000;;
                          }
                          Frame Reference_RightHandPinky1 {
                            FrameTransformMatrix {
                               0.876990,-0.147686,-0.457250, 0.000000,
                               0.143953, 0.988640,-0.043221, 0.000000,
                               0.458439,-0.027919, 0.888287, 0.000000,
                               5.841866, 0.000013, 0.000000, 1.000000;;
                            }
                            Frame Reference_RightHandPinky2 {
                              FrameTransformMatrix {
                                 0.995997,-0.082739, 0.033820, 0.000000,
                                 0.082581, 0.996566, 0.006050, 0.000000,
                                -0.034204,-0.003233, 0.999410, 0.000000,
                                 3.798523,-0.000006, 0.000004, 1.000000;;
                              }
                              Frame Reference_RightHandPinky3 {
                                FrameTransformMatrix {
                                   0.997293, 0.050988, 0.052984, 0.000000,
                                  -0.051414, 0.998655, 0.006699, 0.000000,
                                  -0.052571,-0.009405, 0.998573, 0.000000,
                                   2.035370, 0.000002, 0.000002, 1.000000;;
                                }
                                Frame Reference_RightHandPinky4 {
                                  FrameTransformMatrix {
                                    -0.991081,-0.125302, 0.045365, 0.000000,
                                    -0.125431, 0.992102,-0.000000, 0.000000,
                                    -0.045006,-0.005690,-0.998971, 0.000000,
                                     2.048043,-0.000008,-0.000001, 1.000000;;
                                  }
                                } // End of Reference_RightHandPinky4
                              } // End of Reference_RightHandPinky3
                            } // End of Reference_RightHandPinky2
                          } // End of Reference_RightHandPinky1
                        } // End of Reference_RightHandPinky0
                        Frame Reference_RightHandRing1 {
                          FrameTransformMatrix {
                             0.945431,-0.319375, 0.064493, 0.000000,
                             0.319594, 0.947528, 0.007160, 0.000000,
                            -0.063396, 0.013842, 0.997893, 0.000000,
                             6.110415,-0.117010, 1.201412, 1.000000;;
                          }
                          Frame Reference_RightHandRing2 {
                            FrameTransformMatrix {
                               0.992529,-0.120428,-0.019559, 0.000000,
                               0.120360, 0.992719,-0.004606, 0.000000,
                               0.019971, 0.002217, 0.999798, 0.000000,
                               4.583060, 0.000001, 0.000000, 1.000000;;
                            }
                            Frame Reference_RightHandRing3 {
                              FrameTransformMatrix {
                                 0.997959,-0.030257, 0.056233, 0.000000,
                                 0.029455, 0.999453, 0.015029, 0.000000,
                                -0.056657,-0.013341, 0.998304, 0.000000,
                                 2.793333, 0.000009, 0.000001, 1.000000;;
                              }
                              Frame Reference_RightHandRing4 {
                                FrameTransformMatrix {
                                  -0.966091,-0.258191, 0.002495, 0.000000,
                                  -0.258192, 0.966094,-0.000000, 0.000000,
                                  -0.002411,-0.000644,-0.999997, 0.000000,
                                   2.387578,-0.000002, 0.000002, 1.000000;;
                                }
                              } // End of Reference_RightHandRing4
                            } // End of Reference_RightHandRing3
                          } // End of Reference_RightHandRing2
                        } // End of Reference_RightHandRing1
                        Frame Reference_RightHandThumb1 {
                          FrameTransformMatrix {
                             0.423051,-0.537863,-0.729199, 0.000000,
                             0.363707, 0.837884,-0.407023, 0.000000,
                             0.829907,-0.093024, 0.550092, 0.000000,
                            -0.309410,-2.683478,-2.862110, 1.000000;;
                          }
                          Frame Reference_RightHandThumb2 {
                            FrameTransformMatrix {
                               0.944744, 0.122474, 0.304069, 0.000000,
                              -0.244296, 0.881555, 0.403955, 0.000000,
                              -0.218580,-0.455917, 0.862764, 0.000000,
                               2.191974, 0.000000, 0.000008, 1.000000;;
                            }
                            Frame Reference_RightHandThumb3 {
                              FrameTransformMatrix {
                                 0.994017,-0.107637, 0.018534, 0.000000,
                                 0.096086, 0.942476, 0.320166, 0.000000,
                                -0.051930,-0.316470, 0.947180, 0.000000,
                                 3.408707, 0.000003,-0.000002, 1.000000;;
                              }
                              Frame Reference_RightHandThumb4 {
                                FrameTransformMatrix {
                                  -0.700474,-0.307324,-0.644118, 0.000000,
                                  -0.401770, 0.915741, 0.000001, 0.000000,
                                   0.589845, 0.258788,-0.764926, 0.000000,
                                   3.203198,-0.000005,-0.000003, 1.000000;;
                                }
                              } // End of Reference_RightHandThumb4
                            } // End of Reference_RightHandThumb3
                          } // End of Reference_RightHandThumb2
                        } // End of Reference_RightHandThumb1
                      } // End of Reference_RightFingerBase
                    } // End of Reference_RightHand
                  } // End of Reference_RightForeArm
                } // End of Reference_RightArm
              } // End of Reference_RightShoulder
            } // End of Reference_Spine2
          } // End of Reference_Spine1
        } // End of Reference_Spine
      } // End of Reference_Hips
      Frame H_DDS_LowRes {
        FrameTransformMatrix {
           1.000000, 0.000000, 0.000000, 0.000000,
           0.000000, 1.000000,-0.000000, 0.000000,
           0.000000,-0.000000, 1.000000, 0.000000,
          -0.000001, 0.000004,-0.000000, 1.000000;;
        }
        Mesh { // H_DDS_LowRes mesh
          10412;
          18.547230;80.665741; 5.735414;,
          18.171268;80.887390; 5.710170;,
          17.972767;80.687805; 4.847507;,
          18.290989;80.488052; 4.736475;,
          18.793217;80.630737; 5.561643;,
          18.547230;80.665741; 5.735414;,
          18.290989;80.488052; 4.736475;,
          18.620167;80.471191; 4.785304;,
          18.748272;79.160309;10.943964;,
          19.142368;78.986786;10.762140;,
          19.373569;79.669464;10.808954;,
          18.940220;79.884399;11.027239;,
          18.433155;79.937042;10.774727;,
          18.406635;79.372787;10.742046;,
          18.748272;79.160309;10.943964;,
          18.940220;79.884399;11.027239;,
          19.165379;78.832550; 9.861204;,
          19.030750;78.784271; 9.763063;,
          19.181858;79.430969; 9.393572;,
          19.218555;79.473572; 9.544901;,
          18.663486;78.849380; 9.745399;,
          18.305027;79.083801; 9.897280;,
          18.262836;79.634262; 9.619104;,
          18.766041;79.549698; 9.303211;,
          19.181858;79.430969; 9.393572;,
          19.030750;78.784271; 9.763063;,
          18.663486;78.849380; 9.745399;,
          18.766041;79.549698; 9.303211;,
          18.262836;79.634262; 9.619104;,
          18.305027;79.083801; 9.897280;,
          18.406635;79.372787;10.742046;,
          18.433155;79.937042;10.774727;,
          18.748272;79.160309;10.943964;,
          18.406635;79.372787;10.742046;,
          18.305027;79.083801; 9.897280;,
          18.663486;78.849380; 9.745399;,
          19.142368;78.986786;10.762140;,
          18.748272;79.160309;10.943964;,
          18.663486;78.849380; 9.745399;,
          19.030750;78.784271; 9.763063;,
           8.772783;165.249176; 3.594570;,
           8.920601;165.791779; 3.528466;,
           8.103393;165.275131; 3.847467;,
           8.594840;164.916092; 3.781597;,
           8.020187;165.643356; 3.973593;,
           8.750056;166.451889; 3.693711;,
           8.545231;166.711975; 3.916091;,
           7.844952;166.019836; 4.311332;,
           8.772783;165.249176; 3.594570;,
           8.880164;165.350784; 3.209525;,
           8.989152;166.155502; 2.922817;,
           8.920601;165.791779; 3.528466;,
           8.920601;165.791779; 3.528466;,
           8.989152;166.155502; 2.922817;,
           8.856330;167.236740; 3.204662;,
           8.750056;166.451889; 3.693711;,
           9.117145;165.462250; 3.132399;,
           9.155555;166.258194; 3.003436;,
           8.989152;166.155502; 2.922817;,
           8.880164;165.350784; 3.209525;,
           9.155555;166.258194; 3.003436;,
           9.150633;167.212250; 3.241313;,
           8.856330;167.236740; 3.204662;,
           8.989152;166.155502; 2.922817;,
           9.150633;167.212250; 3.241313;,
           9.038699;167.739563; 3.823418;,
           8.558950;167.622589; 3.899124;,
           8.856330;167.236740; 3.204662;,
           9.117145;165.462250; 3.132399;,
           9.209090;165.413284; 2.715223;,
           9.277365;166.556580; 2.561462;,
           9.155555;166.258194; 3.003436;,
           9.277365;166.556580; 2.561462;,
           9.260482;167.861847; 2.868743;,
           9.150633;167.212250; 3.241313;,
           9.155555;166.258194; 3.003436;,
           8.904852;168.419266; 3.513514;,
           9.038699;167.739563; 3.823418;,
           9.150633;167.212250; 3.241313;,
           9.260482;167.861847; 2.868743;,
           8.168879;163.896332; 4.319709;,
           8.528854;164.665955; 3.404330;,
           8.594840;164.916092; 3.781597;,
           8.240650;164.525375; 4.442009;,
           8.420146;163.886154; 4.240087;,
           8.925061;164.789948; 3.394351;,
           8.528854;164.665955; 3.404330;,
           8.168879;163.896332; 4.319709;,
           8.341057;163.481445; 4.140797;,
           8.979315;164.553741; 3.088003;,
           8.925061;164.789948; 3.394351;,
           8.420146;163.886154; 4.240087;,
           7.813806;164.634811; 5.396089;,
           8.251748;164.488266; 5.095033;,
           7.566141;164.661713; 4.873048;,
           8.763296;167.746002; 4.423225;,
           8.341502;167.463745; 4.479235;,
           8.558950;167.622589; 3.899124;,
           9.038699;167.739563; 3.823418;,
           7.844952;166.019836; 4.311332;,
           7.397915;165.011841; 4.835254;,
           8.020187;165.643356; 3.973593;,
           6.349446;163.306381; 4.157763;,
           7.465272;164.403946; 3.437153;,
           7.217652;163.839844; 4.240882;,
           8.845553;166.697708; 2.379997;,
           7.920441;166.626068; 2.779462;,
           8.016575;167.223999; 3.353726;,
           8.757076;167.875763; 2.708094;,
           8.727403;165.423813; 2.494746;,
           7.579181;165.186661; 3.128379;,
           7.920441;166.626068; 2.779462;,
           8.845553;166.697708; 2.379997;,
           8.016575;167.223999; 3.353726;,
           8.407828;168.243774; 3.383449;,
           8.757076;167.875763; 2.708094;,
           7.465272;164.403946; 3.437153;,
           8.423501;164.461227; 2.969797;,
           7.791265;163.347641; 4.189856;,
           7.217652;163.839844; 4.240882;,
           8.413055;168.325089; 4.135961;,
           8.904852;168.419266; 3.513514;,
           8.407828;168.243774; 3.383449;,
           7.783227;167.175354; 4.126103;,
           8.413055;168.325089; 4.135961;,
           7.783227;167.175354; 4.126103;,
           7.910659;167.380295; 5.249019;,
           7.292218;163.006180; 5.916870;,
